[DEFAULT]

[visible]
oscillators_number = 5
lambd = 2.5

[invisible]
omega_vector = 0.0 0.1 0.2 0.30000000000000004 0.4 
Aij =  0.56 0.96 0.07 0.92 0.12 0.49 0.44 0.66 0.65 0.19 0.02 0.16 0.45 0.79 0.46 0.22 0.75 0.59 0.31 0.38 0.7 0.82 0.72 0.59 0.17
phase_vector =  0.1 0.2 0.30000000000000004 0.4 0.5
t0 = 0
tf = 1000
N = 1000